1159 3156 
1880 120 
734 1557 
2518 441 
1634 995 
2174 2166 
2186 207 
0 1929 
2361 292 
927 833 
239 742 
1165 0 
1972 302 
1324 832 
1656 663 
2028 153 
1107 859 
422 1828 
430 1818 
874 894 
1807 1489 
1694 1462 
1807 1490 
1511 879 
2363 2347 
2476 2875 
648 2781 
368 2131 
1017 2502 
1159 3156 
1880 120 
734 1557 
2518 441 
1634 995 
2174 2166 
2186 207 
0 1929 
2361 292 
927 833 
239 742 
1165 0 
1972 302 
1324 832 
1656 663 
2028 153 
1107 859 
422 1828 
430 1818 
874 894 
1807 1489 
1694 1462 
1807 1490 
1511 879 
2363 2347 
2476 2875 
648 2781 
368 2131 
1017 2502 
1706 357 
327 890 
370 1487 
3 1372 
2654 2465 
2147 2813 
2850 2619 
2730 2118 
